0.000000000000000000e+00 0.000000000000000000e+00 6.287482357567978353e-01 1.044964509119721430e-03 1.043874823575679789e-01
1.044964509119721430e-03 1.043874823575679789e-01 4.679110097724673567e-01 3.120922330509454373e-03 2.071665924552926752e-01
3.120922330509454373e-03 2.071665924552926752e-01 2.659689741169989352e-01 6.209667396423773460e-03 3.079262821964626751e-01
6.209667396423773460e-03 3.079262821964626751e-01 8.080942238496966468e-01 1.036788919148440291e-02 4.141072244349596199e-01
1.036788919148440291e-02 4.141072244349596199e-01 4.692637795674644563e-01 1.556360877449698005e-02 5.168998622306342217e-01
1.556360877449698005e-02 5.168998622306342217e-01 2.913929699798515349e-01 2.178093316669743248e-02 6.179137919304327209e-01
2.178093316669743248e-02 6.179137919304327209e-01 8.062798200961382999e-01 2.907413618143916967e-02 7.240765901313941377e-01
2.907413618143916967e-02 7.240765901313941377e-01 7.859297020435840331e-02 3.737150202638474250e-02 8.229625198334377112e-01
3.737150202638474250e-02 8.229625198334377112e-01 5.074052516966065518e-01 4.671866239119682601e-02 9.261365723504038083e-01
4.671866239119682601e-02 9.261365723504038083e-01 5.563115704971077768e-01 5.712274052049681750e-02 1.029799688055374807e+00
5.712274052049681750e-02 1.029799688055374807e+00 1.363734477481580720e-01 6.854294514020745077e-02 1.129263422532856387e+00
6.854294514020745077e-02 1.129263422532856387e+00 3.681307504023034749e-01 8.100500492602208391e-02 1.231044730036879420e+00
8.100500492602208391e-02 1.231044730036879420e+00 1.632990781041765427e-02 9.447488012208762886e-02 1.329308029114983691e+00
9.447488012208762886e-02 1.329308029114983691e+00 9.062170166164269514e-01 1.090460452387877338e-01 1.436470199281147941e+00
1.090460452387877338e-01 1.436470199281147941e+00 5.522154536092176436e-01 1.246843120932691479e-01 1.540092353817240189e+00
1.246843120932691479e-01 1.540092353817240189e+00 7.862803205163384490e-01 1.414160126402145834e-01 1.646055157022403570e+00
1.414160126402145834e-01 1.646055157022403570e+00 3.915429858247716499e-01 1.592025460683643423e-01 1.748070586880651200e+00
1.592025460683643423e-01 1.748070586880651200e+00 9.668902787095171592e-01 1.781056709757041501e-01 1.855839489667746367e+00
1.781056709757041501e-01 1.855839489667746367e+00 2.286881646017903114e-01 1.980510075765481992e-01 1.956226371313764201e+00
1.980510075765481992e-01 1.956226371313764201e+00 7.499442748875211340e-01 2.190948564484057892e-01 2.061825814062639317e+00
2.190948564484057892e-01 2.061825814062639317e+00 5.615244571526867290e-01 2.412198034493212573e-01 2.165541058634166127e+00
2.412198034493212573e-01 2.165541058634166127e+00 9.691598403140543327e-01 2.644706308691980312e-01 2.273332657037306692e+00
2.644706308691980312e-01 2.273332657037306692e+00 9.578534236925249079e-01 2.888484952691042773e-01 2.381011191274231997e+00
2.888484952691042773e-01 2.381011191274231997e+00 8.860281401340797114e-01 3.143481944546421825e-01 2.487971472675572837e+00
3.143481944546421825e-01 2.487971472675572837e+00 3.540389332623513630e-01 3.409160796962352746e-01 2.589611862008196486e+00
3.409160796962352746e-01 2.589611862008196486e+00 9.706162854572554233e-01 3.686192197773820456e-01 2.697418024862769048e+00
3.686192197773820456e-01 2.697418024862769048e+00 6.450107070897811434e-01 3.974255768621345331e-01 2.801968131933666672e+00
3.974255768621345331e-01 2.801968131933666672e+00 3.944795477410411033e-01 4.273108539744874812e-01 2.904012927411077083e+00
4.273108539744874812e-01 2.904012927411077083e+00 6.419816752037789120e-01 4.583034004560565533e-01 3.008532744163114891e+00
4.583034004560565533e-01 3.008532744163114891e+00 2.289615048062768610e-01 4.903615589231333782e-01 3.108922359211177877e+00
4.903615589231333782e-01 3.108922359211177877e+00 3.825598866705370860e-02 5.234670821352633840e-01 3.207404919097848417e+00
5.234670821352633840e-01 3.207404919097848417e+00 4.512517816927447134e-01 5.576659757187892863e-01 3.310017436914775679e+00
5.576659757187892863e-01 3.310017436914775679e+00 7.508565732004908178e-01 5.929923883798399187e-01 3.415626002646780623e+00
5.929923883798399187e-01 3.415626002646780623e+00 3.337185974577305814e-02 6.293717926752052660e-01 3.514059721244238155e+00
6.293717926752052660e-01 3.514059721244238155e+00 1.041485126029541020e-01 6.668137559878206666e-01 3.613201206370267649e+00
6.668137559878206666e-01 3.613201206370267649e+00 3.208496104098701451e-01 7.053435668262093561e-01 3.714509702474366293e+00
7.053435668262093561e-01 3.714509702474366293e+00 5.883419890021168719e-01 7.449921153686817066e-01 3.818493122364387649e+00
7.449921153686817066e-01 3.818493122364387649e+00 4.587991662336545762e-01 7.857476423998325243e-01 3.921181114026724313e+00
7.857476423998325243e-01 3.921181114026724313e+00 1.955222106048628561e-01 8.275838620275748347e-01 4.021236336132773204e+00
8.275838620275748347e-01 4.021236336132773204e+00 3.959345732847702193e-01 8.705245240008873120e-01 4.123295681865620566e+00
8.705245240008873120e-01 4.123295681865620566e+00 8.220245248469341126e-01 9.146179807771160908e-01 4.229615927114090290e+00
9.146179807771160908e-01 4.229615927114090290e+00 6.927902246697574817e-01 9.598525097417475171e-01 4.334643829360787848e+00
9.598525097417475171e-01 4.334643829360787848e+00 7.184223368916716757e-01 1.006233171596968790e+00 4.439928052729704255e+00
1.006233171596968790e+00 4.439928052729704255e+00 4.191458680109201307e-01 1.053729602310153446e+00 4.542219511409813393e+00
1.053729602310153446e+00 4.542219511409813393e+00 1.001228357651708922e-01 1.102309098670785081e+00 4.641320739767465398e+00
1.102309098670785081e+00 4.641320739767465398e+00 8.150962207425752615e-01 1.152051979448297070e+00 4.747571701974891312e+00
1.152051979448297070e+00 4.747571701974891312e+00 4.646536328068925359e-01 1.202922133859574139e+00 4.850318238302960161e+00
1.202922133859574139e+00 4.850318238302960161e+00 2.984957924636427729e-01 1.254903491146506012e+00 4.951403196227596837e+00
1.254903491146506012e+00 4.951403196227596837e+00 2.401852098217472919e-01 1.307991757371616215e+00 5.051905048325814107e+00
1.307991757371616215e+00 5.051905048325814107e+00 9.389452045608075448e-01 1.362266122269197632e+00 5.159394500371422332e+00
1.362266122269197632e+00 5.159394500371422332e+00 1.476156575165851192e-01 1.417641524245889961e+00 5.258970656946588385e+00
1.417641524245889961e+00 5.258970656946588385e+00 6.214228777842798479e-01 1.474172502062487844e+00 5.363284885724430850e+00
1.474172502062487844e+00 5.363284885724430850e+00 9.649327775026852461e-01 1.531899440561523384e+00 5.471034213499457621e+00
1.531899440561523384e+00 5.471034213499457621e+00 7.413362763064166305e-01 1.590799911410045731e+00 5.576547576262521844e+00
1.590799911410045731e+00 5.576547576262521844e+00 9.137763213092729986e-01 1.650895453485365927e+00 5.683785339475614151e+00
1.650895453485365927e+00 5.683785339475614151e+00 4.490370476524698784e-01 1.712136623550957193e+00 5.786375709952138457e+00
1.712136623550957193e+00 5.786375709952138457e+00 9.508509909031181984e-02 1.774486077828107966e+00 5.885426560943041174e+00
1.774486077828107966e+00 5.885426560943041174e+00 2.635042347819289699e-01 1.837964755249707816e+00 5.986161603290860889e+00
1.837964755249707816e+00 5.986161603290860889e+00 3.295304524396407420e-01 1.902582215184222214e+00 6.087556907815256935e+00
1.902582215184222214e+00 6.087556907815256935e+00 5.730379746018130493e-01 1.968368008163092542e+00 6.191387287561274988e+00
1.968368008163092542e+00 6.191387287561274988e+00 3.453347342840266121e-01 2.035298786387438774e+00 6.292940634904114816e+00
2.035298786387438774e+00 6.292940634904114816e+00 5.054939496769447205e-01 2.103394814905784393e+00 6.396095574400884054e+00
2.103394814905784393e+00 6.396095574400884054e+00 1.017058854128919387e-01 2.172612737238029723e+00 6.495212633255013301e+00
2.172612737238029723e+00 6.495212633255013301e+00 8.508051473349608207e-01 2.243039462405682194e+00 6.601820684728362920e+00
2.243039462405682194e+00 6.601820684728362920e+00 3.381665935456996674e-01 2.314619276501663769e+00 6.703302350663819631e+00
2.314619276501663769e+00 6.703302350663819631e+00 7.382902327046254598e-01 2.387399857626334221e+00 6.808785252990865899e+00
2.387399857626334221e+00 6.808785252990865899e+00 1.811144440791264687e-01 2.461320173466885919e+00 6.908696397431657310e+00
2.461320173466885919e+00 6.908696397431657310e+00 6.562149301681877711e-01 2.536436561326059547e+00 7.013358546733338805e+00
2.536436561326059547e+00 7.013358546733338805e+00 5.571797276786938369e-02 2.612682788880419604e+00 7.112015726461017096e+00
2.612682788880419604e+00 7.112015726461017096e+00 7.260496150714058627e-01 2.690137687607409234e+00 7.217376222611731507e+00
2.690137687607409234e+00 7.217376222611731507e+00 5.244351173844775671e-01 2.768780549067205499e+00 7.320720573785576057e+00
2.768780549067205499e+00 7.320720573785576057e+00 8.824266921150462073e-01 2.848654817993149457e+00 7.427644840706726370e+00
2.848654817993149457e+00 7.427644840706726370e+00 4.550632867594900377e-01 2.929713803011392947e+00 7.530295473574321719e+00
2.929713803011392947e+00 7.530295473574321719e+00 2.524340932038329210e-01 3.011936456620833980e+00 7.630919814506359700e+00
3.011936456620833980e+00 7.630919814506359700e+00 9.767551365901561145e-01 3.095408652517151360e+00 7.738787365872261681e+00
3.095408652517151360e+00 7.738787365872261681e+00 4.499356737770601189e-01 3.180071985810472235e+00 7.841386722610032223e+00
3.180071985810472235e+00 7.841386722610032223e+00 6.336771386171465847e-01 3.265950077222808279e+00 7.945823493996203801e+00
3.265950077222808279e+00 7.945823493996203801e+00 9.923615904858505976e-01 3.353086983504825813e+00 8.053847109901061785e+00
3.353086983504825813e+00 8.053847109901061785e+00 6.441114071007942865e-01 3.441444765225410762e+00 8.158388223972069753e+00
3.441444765225410762e+00 8.158388223972069753e+00 9.934882076231921211e-02 3.530962369910073839e+00 8.257481712179693289e+00
3.530962369910073839e+00 8.257481712179693289e+00 4.767479319722034425e-02 3.621635973571957656e+00 8.356058460111665198e+00
3.621635973571957656e+00 8.356058460111665198e+00 8.094281353607645224e-01 3.713556836653415516e+00 8.462252741465272621e+00
3.713556836653415516e+00 8.462252741465272621e+00 3.892672526137556099e-01 3.806678259896948635e+00 8.564245413991409706e+00
3.806678259896948635e+00 8.564245413991409706e+00 8.615615490120588360e-01 3.901058011400320602e+00 8.670961029481530247e+00
3.901058011400320602e+00 8.670961029481530247e+00 2.294449268990316204e-01 3.996624336867358629e+00 8.771355478750519907e+00
3.996624336867358629e+00 8.771355478750519907e+00 7.028825965189788860e-01 4.093435281323215769e+00 8.876484304715710039e+00
4.093435281323215769e+00 8.876484304715710039e+00 5.795673847172372328e-01 4.191478798456879318e+00 8.980379978562883281e+00
4.191478798456879318e+00 8.980379978562883281e+00 5.365911758529029463e-02 4.290695196616439056e+00 9.079016569738735498e+00
4.290695196616439056e+00 9.079016569738735498e+00 9.642142188134239511e-01 4.391194505864358000e+00 9.186758711926870546e+00
4.391194505864358000e+00 9.186758711926870546e+00 3.986305135434500269e-01 4.492912290209646997e+00 9.288845017062305587e+00
4.492912290209646997e+00 9.288845017062305587e+00 5.840639226893512559e-01 4.595872980036358690e+00 9.392785656289198926e+00
4.595872980036358690e+00 9.392785656289198926e+00 3.811902230727459706e-01 4.700054921712895073e+00 9.494697558519925806e+00
4.700054921712895073e+00 9.494697558519925806e+00 2.099175308147678276e-01 4.805440109917496372e+00 9.594896733828074176e+00
4.805440109917496372e+00 9.594896733828074176e+00 2.778109243137467654e-01 4.912038998376576870e+00 9.695774843071211180e+00
4.912038998376576870e+00 9.695774843071211180e+00 1.230337843841285972e-01 5.019835458739276390e+00 9.795105180915053111e+00
5.019835458739276390e+00 9.795105180915053111e+00 6.564378275092974668e-02 5.128824943180086748e+00 9.893861618742562314e+00
5.128824943180086748e+00 9.893861618742562314e+00 2.871516992539356883e-01 5.239036344178121141e+00 9.994833135735101237e+00
5.239036344178121141e+00 9.994833135735101237e+00 2.614907517689198935e-01 5.350468988766881040e+00 1.009554804325279065e+01
5.350468988766881040e+00 1.009554804325279065e+01 1.245510171349348827e-01 5.463108798369900043e+00 1.019489355342414072e+01
5.463108798369900043e+00 1.019489355342414072e+01 1.803175192512888048e-01 5.576964859503604544e+00 1.029479672861665307e+01
